Sqrt(2) = 1.4142135623731 and Sqrt(2)^2 = 2
exp(pi) = 23.1385486638613 and ln(exp(pi)) = 3.1415
pi^e = 22.4573572341377 and log_pi(pi^e) = 2.71828182845905
