Sqrt(2)	 = 1.4142135623731,	 Sqrt(2)^2 = 2,				 (Result should be 2).
exp(pi)	 = 23.1406926327793,	 ln(exp(pi)) = 3.14159265358979,	 (Result should be pi).
pi^e	 = 22.459157718361,	 log_pi(pi^e) = 2.71828182845905,	 (Result should be e).
